
0

7   2   5   9   6   1   4   8   3   
3   6   9   4   2   8   1   7   5   
4   8   1   3   7   5   9   2   6   
9   1   6   2   8   4   5   3   7   
5   7   3   6   1   9   2   4   8   
2   4   _   7   5   3   6   9   1   
1   9   4   _   3   6   7   5   2   
6   3   7   5   4   2   _   1   9   
8   5   2   1   _   7   3   6   4   


1

7   2   5   9   6   1   4   8   3   
3   6   9   4   2   8   1   7   5   
4   8   1   3   7   5   9   2   6   
9   1   6   2   8   4   5   3   7   
5   7   3   6   1   9   2   4   8   
2   4   8   7   5   3   6   9   1   
1   9   4   _   3   6   7   5   2   
6   3   7   5   4   2   _   1   9   
8   5   2   1   _   7   3   6   4   


2

7   2   5   9   6   1   4   8   3   
3   6   9   4   2   8   1   7   5   
4   8   1   3   7   5   9   2   6   
9   1   6   2   8   4   5   3   7   
5   7   3   6   1   9   2   4   8   
2   4   8   7   5   3   6   9   1   
1   9   4   8   3   6   7   5   2   
6   3   7   5   4   2   _   1   9   
8   5   2   1   _   7   3   6   4   


3

7   2   5   9   6   1   4   8   3   
3   6   9   4   2   8   1   7   5   
4   8   1   3   7   5   9   2   6   
9   1   6   2   8   4   5   3   7   
5   7   3   6   1   9   2   4   8   
2   4   8   7   5   3   6   9   1   
1   9   4   8   3   6   7   5   2   
6   3   7   5   4   2   8   1   9   
8   5   2   1   _   7   3   6   4   


4

7   2   5   9   6   1   4   8   3   
3   6   9   4   2   8   1   7   5   
4   8   1   3   7   5   9   2   6   
9   1   6   2   8   4   5   3   7   
5   7   3   6   1   9   2   4   8   
2   4   8   7   5   3   6   9   1   
1   9   4   8   3   6   7   5   2   
6   3   7   5   4   2   8   1   9   
8   5   2   1   9   7   3   6   4   


